main.py: Naive Bayes Classification
main.py: Classes Summary: 
Class ID = 1 summary: [(318000.8102564103, 192248.773388414), (1.6706518444444454, 0.12943375623920392), (347.934188034188, 25.277077604988598), (348.6111111111111, 27.88838893571845), (258.26752136752134, 26.212647314287782), (-0.052493311111111156, 0.05045927031320683), (293.2871794871795, 25.93436981697289), (0.13022405897435907, 0.031363306122411345), (316.1145299145299, 27.289354266455515), (-0.048590830769230785, 0.04988464682252227), (333.44102564102565, 27.72482451855119), (-0.0826067179487179, 0.029140098001296577), (15.233333333333333, 3.2006334916149934), (-0.029245674358974346, 0.11839171920181377), (113.86153846153846, 8.641296259985504), (0.20579159658119667, 0.050695749285565986), (152.87948717948717, 8.703951674852947), (-0.07583167521367516, 0.043145964196159015)]
Class ID = 3 summary: [(381047.7272727273, 147519.24493047968), (1.7086424025974027, 0.09452448225574876), (351.16883116883116, 13.576685314986626), (349.3376623376623, 8.317088289859985), (260.2207792207792, 10.233617687004584), (-0.06440683116883114, 0.021310274776194474), (294.2987012987013, 8.14193972599336), (0.11840181818181818, 0.022004150458210373), (309.0779220779221, 10.282542991024608), (0.012963870129870126, 0.05856253018341089), (333.7922077922078, 8.294477652944854), (-0.08039916883116882, 0.020900610247577008), (17.415584415584416, 2.4243862454490115), (-0.08384994805194804, 0.08675499208962531), (114.32467532467533, 4.302513214272373), (0.22003168831168837, 0.031197259607746816), (153.32467532467533, 2.7883288639838053), (-0.08126885714285714, 0.02142558102308294)]

main.py: Prediction Summary: 
Test set length: 615
Number of correct classifications: 382
Classification accuracy: 0.621138

